Latitude Range       Mean_W_SqM       W_SqM_min 	W_SqM_max

90      80           177                      146  207
80      70           179                      149  212
70      60           191                      164  224
60      50           201                      175  228
50      40           217                      191  244
40      30           239                      217  263
30      20           258                      248  269
20      10           254                      236  270
10      0            241                      232  251
0       -10          251                      240  261
-10     -20          262                      248  276
-20     -30          259                      254  263
-30     -40          239                      229  253
-40     -50          218                      205  232
-50     -60          203                      187  217
-60     -70          185                      161  209
-70     -80          159                      124  200
-80     -90          135                      94  190