Latitude Range       Mean_Albedo       Annual_min Annual_max
90     80            0.67                     0.44  0.75
80     70            0.57                     0.49  0.83
70     60            0.46                     0.39  0.78
60     50            0.41                     0.37  0.56
50     40           -0.36                     0.32  0.46
40     30            0.31                     0.26  0.37
30     20            0.26                     0.25  0.30
20     10            0.24                     0.20  0.27
10     0             0.25                     0.24  0.26
0      -10           0.23                     0.21  0.25
-10    -20           0.23                     0.21  0.24
-20    -30           0.24                     0.23  0.25
-30    -40           0.29                     0.27  0.30
-40    -50           0.35                     0.33  0.39
-50    -60           0.42                     0.41  0.47
-60    -70           0.51                     0.46  0.77
-70    -80           0.64                     0.61  0.88
-80    -90           0.70                     0.40  0.80